0.200000	9999.267637	1011.327643	99.999679	-37690.882855
0.401000	9999.069116	1011.224112	99.999399	-37690.912202
0.602000	9998.738505	1011.060496	99.999119	-37690.941565
0.803000	9998.275799	1010.836816	99.998839	-37690.970918
1.004000	9997.680987	1010.542524	99.998558	-37691.000300
1.205000	9996.954056	1010.201130	99.998277	-37691.029774
1.406000	9996.094989	1009.844672	99.997996	-37691.059280
1.607000	9995.103767	1009.467934	99.997714	-37691.088897
1.808000	9993.980369	1009.070427	99.997432	-37691.118547
2.009000	9992.724769	1008.718568	99.997149	-37691.148380
2.210000	9991.336940	1008.357757	99.996866	-37691.178268
2.411000	9989.816850	1008.022321	99.996582	-37691.208257
2.612000	9988.164466	1007.685264	99.996298	-37691.238243
2.813000	9986.379750	1007.310631	99.996014	-37691.268231
3.014000	9984.462662	1006.901613	99.995730	-37691.298326
3.215000	9982.413161	1006.482986	99.995446	-37691.328628
3.416000	9980.231199	1006.055024	99.995161	-37691.358908
3.617000	9977.916728	1005.635431	99.994875	-37691.389342
3.818000	9975.469696	1005.152293	99.994589	-37691.419833
4.019000	9972.890048	1004.591265	99.994303	-37691.450378
4.220000	9970.177726	1003.995138	99.994016	-37691.481099
4.421000	9967.332669	1003.447782	99.993729	-37691.512105
4.622000	9964.354814	1002.854560	99.993441	-37691.543070
4.823000	9961.244092	1002.212658	99.993153	-37691.574150
5.024000	9958.000434	1001.490929	99.992864	-37691.605319
5.225000	9954.623768	1000.677516	99.992575	-37691.636598
5.426000	9951.114015	999.847885	99.992285	-37691.668400
5.627000	9947.471098	999.062491	99.991994	-37691.700131
5.828000	9943.694934	998.182201	99.991703	-37691.731898
6.029000	9939.785438	997.262573	99.991411	-37691.764140
6.230000	9935.742520	996.332966	99.991119	-37691.796391
6.431000	9931.566089	995.313228	99.990826	-37691.828728
6.632000	9927.256051	994.242116	99.990532	-37691.861312
6.833000	9922.812307	993.131727	99.990238	-37691.894264
7.034000	9918.234757	992.027667	99.989944	-37691.927437
7.235000	9913.523296	990.857119	99.989648	-37691.960619
7.436000	9908.677817	989.662143	99.989352	-37691.993897
7.637000	9903.698209	988.483438	99.989056	-37692.028372
7.838000	9898.584358	987.427795	99.988758	-37692.062659
8.039000	9893.336147	986.455251	99.988461	-37692.096893
8.240000	9887.953457	985.424428	99.988163	-37692.131773
8.441000	9882.436163	984.469460	99.987864	-37692.166653
8.642000	9876.784139	983.616091	99.987565	-37692.202448
8.843000	9870.997255	982.780409	99.987266	-37692.237660
9.044000	9865.075378	981.932377	99.986967	-37692.273467
9.245000	9859.018370	981.163714	99.986667	-37692.310223
9.446000	9852.826092	980.425146	99.986367	-37692.346290
9.647000	9846.498400	979.593130	99.986066	-37692.382352
9.848000	9840.035148	978.669233	99.985765	-37692.418599
10.049000	9833.436185	977.630045	99.985463	-37692.455104
10.250000	9826.701359	976.477109	99.985160	-37692.491842
10.451000	9819.830511	975.281362	99.984856	-37692.529377
10.652000	9812.823482	974.270423	99.984551	-37692.567555
10.853000	9805.680107	973.430821	99.984246	-37692.605902
11.054000	9798.400219	972.618776	99.983939	-37692.644587
11.255000	9790.983648	971.729317	99.983632	-37692.683352
11.456000	9783.430218	970.808811	99.983324	-37692.722516
11.657000	9775.739753	969.854712	99.983015	-37692.762215
11.858000	9767.912069	969.008007	99.982705	-37692.802937
12.059000	9759.946983	968.210821	99.982395	-37692.842986
12.260000	9751.844305	967.389851	99.982085	-37692.884158
12.461000	9743.603843	966.659704	99.981773	-37692.925847
12.662000	9735.225402	966.053297	99.981462	-37692.967221
12.863000	9726.708780	965.504081	99.981151	-37693.009540
13.064000	9718.053775	965.150838	99.980840	-37693.052407
13.265000	9709.260180	964.976563	99.980530	-37693.095174
13.466000	9700.327783	964.813909	99.980219	-37693.137914
13.667000	9691.256369	964.595986	99.979909	-37693.181028
13.868000	9682.045721	964.374238	99.979599	-37693.224275
14.069000	9672.695615	964.062378	99.979289	-37693.267797
14.270000	9663.205824	963.690308	99.978980	-37693.311601
14.471000	9653.576119	963.282162	99.978670	-37693.355748
14.672000	9643.806264	962.920061	99.978361	-37693.400534
14.873000	9633.896023	962.625992	99.978051	-37693.445586
15.074000	9623.845151	962.328882	99.977742	-37693.490802
15.275000	9613.653402	962.035522	99.977433	-37693.536722
15.476000	9603.320527	961.871959	99.977124	-37693.583066
15.677000	9592.846269	961.707467	99.976816	-37693.629402
15.878000	9582.230371	961.586325	99.976508	-37693.676272
16.079000	9571.472569	961.615400	99.976201	-37693.723402
16.280000	9560.572595	961.625447	99.975894	-37693.770792
16.481000	9549.530177	961.612557	99.975588	-37693.818440
16.682000	9538.345041	961.561572	99.975283	-37693.866427
16.883000	9527.016905	961.509095	99.974978	-37693.914794
17.084000	9515.545485	961.445844	99.974674	-37693.963508
17.285000	9503.930492	961.382021	99.974370	-37694.012708
17.486000	9492.171631	961.380485	99.974066	-37694.062219
17.687000	9480.268605	961.364104	99.973764	-37694.112094
17.888000	9468.221111	961.329850	99.973461	-37694.162344
18.089000	9456.028841	961.331002	99.973160	-37694.213039
18.290000	9443.691484	961.323346	99.972859	-37694.264139
18.491000	9431.208723	961.311496	99.972558	-37694.315620
18.692000	9418.580236	961.292296	99.972258	-37694.367500
18.893000	9405.805697	961.265184	99.971959	-37694.419812
19.094000	9392.884775	961.241079	99.971660	-37694.472565
19.295000	9379.817134	961.214903	99.971362	-37694.525727
19.496000	9366.602432	961.184571	99.971064	-37694.579343
19.697000	9353.240325	961.150747	99.970768	-37694.633387
19.898000	9339.730460	961.113717	99.970471	-37694.687927
20.099000	9326.072481	961.072503	99.970175	-37694.742910
20.300000	9312.266028	961.026868	99.969880	-37694.798359
20.501000	9298.310733	960.976544	99.969585	-37694.854291
20.702000	9284.206225	960.921239	99.969291	-37694.910726
20.903000	9269.952127	960.898253	99.968997	-37694.967953
21.104000	9255.548056	960.916662	99.968704	-37695.025415
21.305000	9240.993623	960.913316	99.968411	-37695.083375
21.506000	9226.288436	960.909283	99.968119	-37695.141836
21.707000	9211.432096	960.909803	99.967828	-37695.200829
21.908000	9196.424196	960.908804	99.967537	-37695.260347
22.109000	9181.264328	960.904809	99.967247	-37695.320385
22.310000	9165.952074	960.897818	99.966958	-37695.380945
22.511000	9150.487012	960.887783	99.966669	-37695.442088
22.712000	9134.868715	960.874657	99.966381	-37695.503770
22.913000	9119.096748	960.858372	99.966093	-37695.566037
23.114000	9103.170671	960.838845	99.965807	-37695.628859
23.315000	9087.090038	960.829200	99.965520	-37695.692275
23.516000	9070.854396	960.816739	99.965235	-37695.756283
23.717000	9054.463287	960.799620	99.964950	-37695.820892
23.918000	9037.916245	960.777012	99.964666	-37695.886092
24.119000	9021.212798	960.748767	99.964382	-37695.951929
24.320000	9004.352469	960.714699	99.964100	-37696.018345
24.521000	8987.334773	960.683621	99.963817	-37696.085419
24.722000	8970.159218	960.696556	99.963536	-37696.153337
24.923000	8952.825305	960.717437	99.963255	-37696.221754
25.124000	8935.332530	960.735662	99.962975	-37696.290817
25.325000	8917.680381	960.749735	99.962696	-37696.360513
25.526000	8899.868338	960.759739	99.962418	-37696.430889
25.727000	8881.895875	960.765729	99.962141	-37696.501918
25.928000	8863.762458	960.767742	99.961864	-37696.573627
26.129000	8845.467546	960.765784	99.961589	-37696.646031
26.330000	8827.010591	960.760584	99.961315	-37696.719151
26.531000	8808.391036	960.751312	99.961041	-37696.792966
26.732000	8789.608319	960.738672	99.960768	-37696.867496
26.933000	8770.661867	960.722157	99.960497	-37696.942740
27.134000	8751.551101	960.701696	99.960226	-37697.018770
27.335000	8732.275434	960.677173	99.959956	-37697.095526
27.536000	8712.834271	960.648478	99.959688	-37697.173046
27.737000	8693.227007	960.634163	99.959420	-37697.251366
27.938000	8673.453031	960.632239	99.959154	-37697.330429
28.139000	8653.511722	960.627298	99.958888	-37697.410293
28.340000	8633.402451	960.619058	99.958624	-37697.490993
28.541000	8613.124581	960.607588	99.958360	-37697.572443
28.742000	8592.677464	960.592707	99.958098	-37697.654723
28.943000	8572.060445	960.574320	99.957837	-37697.737847
29.144000	8551.272859	960.552349	99.957577	-37697.821860
29.345000	8530.314033	960.526657	99.957318	-37697.906711
29.546000	8509.183283	960.507597	99.957060	-37697.992487
29.747000	8487.879917	960.489033	99.956804	-37698.079147
29.948000	8466.403230	960.491749	99.956549	-37698.166774
30.149000	8444.752512	960.494409	99.956294	-37698.255227
30.350000	8422.927040	960.502715	99.956042	-37698.344674
30.551000	8400.926081	960.507464	99.955790	-37698.435017
30.752000	8378.748892	960.511063	99.955539	-37698.526287
30.953000	8356.394721	960.512647	99.955290	-37698.618495
31.154000	8333.862803	960.512192	99.955043	-37698.711772
31.355000	8311.152363	960.509683	99.954796	-37698.805948
31.556000	8288.262616	960.505099	99.954551	-37698.901103
31.757000	8265.192765	960.498409	99.954307	-37698.997285
31.958000	8241.942002	960.489571	99.954064	-37699.094469
32.159000	8218.509506	960.478522	99.953823	-37699.192659
32.360000	8194.894447	960.478490	99.953583	-37699.291989
32.561000	8171.095982	960.480241	99.953345	-37699.392447
32.762000	8147.113253	960.480713	99.953108	-37699.493783
32.963000	8122.945395	960.479899	99.952873	-37699.596355
33.164000	8098.591526	960.477797	99.952639	-37699.700063
33.365000	8074.050754	960.476757	99.952406	-37699.804942
33.566000	8049.322173	960.476539	99.952175	-37699.910909
33.767000	8024.404863	960.476310	99.951946	-37700.018091
33.968000	7999.297891	960.476118	99.951718	-37700.126384
34.169000	7974.000313	960.476114	99.951491	-37700.236107
34.370000	7948.511167	960.476113	99.951267	-37700.346888
34.571000	7922.829480	960.476117	99.951044	-37700.458856
34.772000	7896.954262	960.476115	99.950823	-37700.571979
34.973000	7870.884510	960.476112	99.950603	-37700.686418
35.174000	7844.619207	960.476116	99.950385	-37700.802239
35.375000	7818.157320	960.476113	99.950169	-37700.919380
35.576000	7791.497798	960.476116	99.949954	-37701.037822
35.777000	7764.639579	960.476118	99.949742	-37701.157631
35.978000	7737.581582	960.476112	99.949531	-37701.278840
36.179000	7710.322709	960.476119	99.949322	-37701.401470
36.380000	7682.861848	960.476116	99.949115	-37701.525554
36.581000	7655.197868	960.476115	99.948909	-37701.651055
36.782000	7627.329622	960.476119	99.948706	-37701.777941
36.983000	7599.255946	960.476116	99.948505	-37701.906410
37.184000	7570.975655	960.476115	99.948306	-37702.036361
37.385000	7542.487549	960.476119	99.948108	-37702.167731
37.586000	7513.790409	960.476115	99.947913	-37702.300740
37.787000	7484.882995	960.476119	99.947720	-37702.435357
37.988000	7455.764050	960.476114	99.947529	-37702.571614
38.189000	7426.432297	960.476121	99.947340	-37702.709536
38.390000	7396.886437	960.476119	99.947153	-37702.849126
38.591000	7367.125154	960.476120	99.946969	-37702.990381
38.792000	7337.147107	960.476122	99.946786	-37703.133350
38.993000	7306.950937	960.476116	99.946607	-37703.277938
39.194000	7276.535262	960.476120	99.946429	-37703.424356
39.395000	7245.898678	960.476123	99.946254	-37703.572710
39.596000	7215.039760	960.476123	99.946081	-37703.722921
39.797000	7183.957057	960.476119	99.945910	-37703.874911
39.998000	7152.649097	960.476120	99.945742	-37704.028984
40.199000	7121.114383	960.476120	99.945577	-37704.185043
40.400000	7089.351395	960.476127	99.945413	-37704.343124
40.601000	7057.358585	960.476122	99.945253	-37704.503225
40.802000	7025.134383	960.476128	99.945095	-37704.665122
41.003000	6992.677191	960.476128	99.944940	-37704.829378
41.204000	6959.985386	960.476127	99.944788	-37704.995619
41.405000	6927.057316	960.476123	99.944638	-37705.164185
41.606000	6893.891304	960.476119	99.944491	-37705.334921
41.807000	6860.485642	960.476129	99.944347	-37705.507995
42.008000	6826.838595	960.476122	99.944206	-37705.683266
42.209000	6792.948400	960.476130	99.944068	-37705.860740
42.410000	6758.813260	960.476131	99.943933	-37706.040799
42.611000	6724.431352	960.476135	99.943801	-37706.223400
42.812000	6689.800819	960.476131	99.943672	-37706.408385
43.013000	6654.919773	960.476133	99.943546	-37706.595983
43.214000	6619.786293	960.476138	99.943424	-37706.786196
43.415000	6584.398426	960.476145	99.943305	-37706.978941
43.616000	6548.754183	960.476140	99.943189	-37707.174374
43.817000	6512.851543	960.476137	99.943077	-37707.372506
44.018000	6476.688447	960.476140	99.942969	-37707.573378
44.219000	6440.262803	960.476143	99.942863	-37707.777466
44.420000	6403.572479	960.476147	99.942761	-37707.984448
44.621000	6366.615307	960.476147	99.942662	-37708.194544
44.822000	6329.389081	960.476147	99.942569	-37708.407341
45.023000	6291.891556	960.476148	99.942479	-37708.623049
45.224000	6254.120444	960.476151	99.942393	-37708.842133
45.425000	6216.073421	960.476159	99.942311	-37709.064587
45.626000	6177.748118	960.476167	99.942232	-37709.290305
45.827000	6139.142125	960.476176	99.942159	-37709.519765
46.028000	6100.252988	960.476168	99.942089	-37709.752294
46.229000	6061.078209	960.476172	99.942024	-37709.988711
46.430000	6021.615244	960.476168	99.941963	-37710.228827
46.631000	5981.861506	960.476173	99.941906	-37710.472735
46.832000	5941.814359	960.476194	99.941854	-37710.720668
47.033000	5901.471118	960.476212	99.941807	-37710.972458
47.234000	5860.829053	960.476219	99.941765	-37711.227738
47.435000	5819.885382	960.476243	99.941729	-37711.487227
47.636000	5778.637274	960.476278	99.941697	-37711.751318
47.837000	5737.081846	960.476317	99.941670	-37712.020388
48.038000	5695.216164	960.476552	99.941649	-37712.293334
48.239000	5653.037241	960.477384	99.941633	-37712.571166
48.440000	5610.542035	960.479680	99.941623	-37712.853736
48.641000	5567.727451	960.484456	99.941617	-37713.141236
48.842000	5524.590340	960.492816	99.941617	-37713.433990
49.043000	5481.127495	960.505981	99.941623	-37713.731619
49.244000	5437.335654	960.525285	99.941635	-37714.034715
49.445000	5393.211498	960.552156	99.941654	-37714.343069
49.646000	5348.751651	960.588177	99.941679	-37714.657090
49.847000	5303.952678	960.634998	99.941710	-37714.977025
50.048000	5258.811087	960.694321	99.941749	-37715.302527
50.249000	5213.323328	960.767928	99.941793	-37715.634687
50.450000	5167.485793	960.857653	99.941845	-37715.972904
50.651000	5121.294814	960.965400	99.941904	-37716.317598
50.852000	5074.746669	961.093175	99.941969	-37716.669303
51.053000	5027.837575	961.243060	99.942043	-37717.027635
51.254000	4980.563696	961.417251	99.942124	-37717.392938
51.455000	4932.921139	961.618096	99.942211	-37717.765912
51.656000	4884.905958	961.847996	99.942306	-37718.146455
51.857000	4836.514156	962.109458	99.942409	-37718.534957
52.058000	4787.741685	962.405068	99.942520	-37718.931743
52.259000	4738.584451	962.737489	99.942639	-37719.336737
52.460000	4689.038317	963.109513	99.942765	-37719.750283
52.661000	4639.099106	963.523917	99.942901	-37720.173143
52.862000	4588.762608	963.983663	99.943043	-37720.605139
53.063000	4538.024581	964.491756	99.943194	-37721.046619
53.264000	4486.880763	965.051260	99.943353	-37721.497816
53.465000	4435.326877	965.665275	99.943524	-37721.958820
53.666000	4383.358639	966.336941	99.943702	-37722.430786
53.867000	4330.971772	967.069401	99.943890	-37722.913760
54.068000	4278.162013	967.865763	99.944088	-37723.408214
54.269000	4224.925132	968.729075	99.944293	-37723.914445
54.470000	4171.256944	969.662300	99.944508	-37724.432656
54.671000	4117.153333	970.668202	99.944733	-37724.964040
54.872000	4062.610267	971.749428	99.944969	-37725.508577
55.073000	4007.623829	972.911424	99.945217	-37726.067594
55.274000	3952.190241	974.155703	99.945474	-37726.641159
55.475000	3896.305901	975.484138	99.945745	-37727.229813
55.676000	3839.967421	976.901672	99.946026	-37727.834657
55.877000	3783.171668	978.411249	99.946319	-37728.456904
56.078000	3725.915817	980.013667	99.946627	-37729.096324
56.279000	3668.197414	981.714004	99.946948	-37729.755093
56.480000	3610.014436	983.517969	99.947286	-37730.433818
56.681000	3551.365379	985.431954	99.947636	-37731.133091
56.882000	3492.249342	987.469045	99.948005	-37731.855288
